dim = 3
15_8x4_right-up_XY_1.tiff; ; (-9260.3125, -15221.25, 0.0)
15_8x4_right-up_XY_2.tiff; ; (-8691.5625, -15221.25, 0.0)
15_8x4_right-up_XY_3.tiff; ; (-8122.8125, -15221.25, 0.0)
15_8x4_right-up_XY_4.tiff; ; (-7554.0625, -15221.25, 0.0)
15_8x4_right-up_XY_5.tiff; ; (-6985.3125, -15221.25, 0.0)
15_8x4_right-up_XY_6.tiff; ; (-6416.5625, -15221.25, 0.0)
15_8x4_right-up_XY_7.tiff; ; (-5847.8125, -15221.25, 0.0)
15_8x4_right-up_XY_8.tiff; ; (-5279.0625, -15221.25, 0.0)
15_8x4_right-up_XY_9.tiff; ; (-9260.46875, -15695.9375, 0.0)
15_8x4_right-up_XY_10.tiff; ; (-8691.71875, -15695.9375, 0.0)
15_8x4_right-up_XY_11.tiff; ; (-8122.96875, -15695.9375, 0.0)
15_8x4_right-up_XY_12.tiff; ; (-7554.21875, -15695.9375, 0.0)
15_8x4_right-up_XY_13.tiff; ; (-6985.46875, -15695.9375, 0.0)
15_8x4_right-up_XY_14.tiff; ; (-6416.71875, -15695.9375, 0.0)
15_8x4_right-up_XY_15.tiff; ; (-5847.96875, -15695.9375, 0.0)
15_8x4_right-up_XY_16.tiff; ; (-5279.21875, -15695.9375, 0.0)
15_8x4_right-up_XY_17.tiff; ; (-9260.625, -16170.625, 0.0)
15_8x4_right-up_XY_18.tiff; ; (-8691.875, -16170.625, 0.0)
15_8x4_right-up_XY_19.tiff; ; (-8123.125, -16170.625, 0.0)
15_8x4_right-up_XY_20.tiff; ; (-7554.375, -16170.625, 0.0)
15_8x4_right-up_XY_21.tiff; ; (-6985.625, -16170.625, 0.0)
15_8x4_right-up_XY_22.tiff; ; (-6416.875, -16170.625, 0.0)
15_8x4_right-up_XY_23.tiff; ; (-5848.125, -16170.625, 0.0)
15_8x4_right-up_XY_24.tiff; ; (-5279.375, -16170.625, 0.0)
15_8x4_right-up_XY_25.tiff; ; (-9260.78125, -16645.3125, 0.0)
15_8x4_right-up_XY_26.tiff; ; (-8692.03125, -16645.3125, 0.0)
15_8x4_right-up_XY_27.tiff; ; (-8123.28125, -16645.3125, 0.0)
15_8x4_right-up_XY_28.tiff; ; (-7554.53125, -16645.3125, 0.0)
15_8x4_right-up_XY_29.tiff; ; (-6985.78125, -16645.3125, 0.0)
15_8x4_right-up_XY_30.tiff; ; (-6417.03125, -16645.3125, 0.0)
15_8x4_right-up_XY_31.tiff; ; (-5848.28125, -16645.3125, 0.0)
15_8x4_right-up_XY_32.tiff; ; (-5279.53125, -16645.3125, 0.0)
